1. 6
2. 4'1/2
3. 24
4. 0
5. 4'1/12
6. 2
7. 2'2/3
8. 1'1/3
9. 0
10. 2
11. 24
12. 4
13. 1/2
14. 0
15. 5
16. 2/3
17. 5
18. 6
19. 3'1/2
20. 1'1/3
21. 0
22. 2
23. 1/6
24. 3
25. 12
26. 2'2/3
27. 3
28. 4
29. 3
30. 1/6
31. 0
32. 1
33. 1
34. 0
35. 2'2/3
36. 2'1/6
37. 2
38. 6
39. 1/2
40. 0
41. 3/4
42. 3
43. 7
44. 1/2
45. 7
46. 1/2
47. 3
48. 1'1/3
49. 1
50. 2'1/2
51. 1
52. 3'1/4
53. 1/2
54. 3
55. 7
56. 4
57. 3
58. 1/4
59. 0
60. 1'5/8
61. 6'3/16
62. 1/4
63. 1/2
64. 4/7
65. 3/8
66. 3/16
67. 4
68. 0
69. 1'1/2
70. 3/4
71. 2'13/36
72. 4
73. 12
74. 0
75. 0
76. 6
77. 2'2/3
78. 2
79. 2
80. 2
81. 0
82. 9
83. 1/4
84. 5
85. 2'2/3
86. 2
87. 4
88. 3'1/2
89. 0
90. 1/4
91. 5
92. 0
93. 4
94. 8
95. 28
96. 1
97. 2
98. 1/2
99. 0
100. 2
101. 10'2/3
102. 16
103. 6'2/3
104. 2/3
105. 3
106. 2'3/4
107. 0
108. 2
109. 14'2/3
110. 3
111. 16
112. 16
113. 2'1/2
114. 1/16
115. 0
116. 2
117. 6
118. 1'1/2
119. 2
120. 0
121. 2'2/3
122. 5'1/3
123. 1
124. 2
125. 0
126. 0
127. 2
128. 4
129. 0
130. 0
131. 1/2
132. 1'1/4
133. 6
134. 12
135. 2
136. 4
137. 2
138. 1'1/4
139. 0
140. 1/3
141. 1/3
142. 1'1/3
143. 0
144. 12'1/3
145. 4
146. 6'1/4
147. 4'1/2
148. 0
149. 1/4
150. 4'1/2
151. 2'1/4
152. 3
153. 3'1/3
154. 0
155. 1
156. 5
157. 0
158. 6
159. 1
160. 1
161. 0
162. 0
163. 5'2/3
164. 3
165. 1/2
166. 2'1/2
167. 1'25/27
168. 12
169. 14
170. 1/3
171. 1/12
172. 3
173. 1/2
174. 2/3
175. 3'3/4
176. 2
177. 3'1/2
178. 1/4
179. 2/3
180. 0
181. 3/4
182. 5
183. 0
184. 0
185. 2/3
186. 2
187. 6
188. 1'1/3
189. 0
190. 6
191. 1/12
192. 4'1/2
193. 2
194. 7'1/2
195. 2/3
196. 1/6
197. 24
198. 1
199. 32
200. 6'1/3
201. 1/8
202. 7
203. 1
204. 1/4
205. 9
206. 4
207. 1/4
208. 4
209. 1'1/2
210. 1/3
211. 2/3
212. 12
213. 3'3/7
214. 0
215. 1/3
216. 0
217. 5'2/9
218. 3'1/2
219. 1/2
220. 0
221. 3'3/4
222. 1'2/9
223. 6
224. 1
225. 1/4
226. 0
227. 2
228. 1/2
229. 4'1/4
230. 4
231. 5
232. 16
233. 1
234. 4
235. 4
236. 1
237. 1'1/2
238. 2
239. 3/4
240. 0
241. 3/4
242. 9
243. 0
244. 0
245. 2'1/3
246. 4'1/2
247. 7
248. 1
249. 0
250. 1/4
251. 12
252. 1'1/4
253. 2'5/12
254. 13
255. 16
256. 2'1/4
257. 10'1/3
258. 0
259. 4'1/3
260. 2'1/2
261. 0
262. 1/2
263. 2'3/4
264. 3
265. 3
266. 2'1/3
267. 3'1/3
268. 1/2
269. 2'1/2
270. 9/16
271. 1/9
272. 0
273. 0
274. 2'1/3
275. 1/4
276. 2
277. 5'1/4
278. 1'1/2
279. 2
280. 1/6
281. 27
282. 3'3/4
283. 1
284. 0
285. 1
286. 2
287. 2/3
288. 2
289. 12
290. 2
291. 1/3
292. 0
293. 4'1/2
294. 1'1/3
295. 0
296. 13
297. 1'5/6
298. 2'2/3
299. 1
300. 8'1/2
301. 3
302. 1
303. 2
304. 0
305. 0
306. 1
307. 1'3/4
308. 1/6
309. 8
310. 0
311. 3'1/4
312. 24
313. 8
314. 8
315. 1/48
316. 8
317. 6
318. 0
319. 5
320. 0
321. 0
322. 2'1/2
323. 1'7/8
324. 0
325. 10
326. 9
327. 3'7/8
328. 9
329. 11
330. 1
331. 0
332. 15
333. 0
334. 2'1/6
335. 4
336. 0
337. 8
338. 0
339. 3'2/3
340. 1
341. 5
342. 1
343. 4
344. 1'3/4
345. 1/4
346. 9'1/3
347. 9'1/3
348. 0
349. 3/8
350. 24
351. 2/9
352. 1'3/4
353. 3'1/2
354. 1/8
355. 0
356. 6'2/3
357. 5
358. 3'3/4
359. 1
360. 0
361. 1'7/8
362. 1
363. 0
364. 2/3
365. 1/16
366. 3'3/4
367. 2
368. 1/2
369. 0
370. 1
371. 1
372. 10'2/3
373. 1/4
374. 2/3
375. 0
376. 3'2/3
377. 4
378. 1/3
379. 12
380. 0
381. 9
382. 1/6
383. 0
384. 0
385. 1
386. 4'1/8
387. 1'3/4
388. 1/4
389. 1
390. 1'1/2
391. 0
392. 5
393. 1/4
394. 4
395. 0
396. 1'1/2
397. 3
398. 1/4
399. 0
400. 4'1/2
401. 0
402. 3/16
403. 6
404. 4
405. 2
406. 2'3/4
407. 1'1/2
408. 1
409. 3/32
410. 4
411. 1
412. 4
413. 7
414. 3'3/4
415. 3
416. 2
417. 18
418. 1'2/3
419. 3
420. 1'1/2
421. 3'1/2
422. 2/3
423. 1
424. 1
425. 12
426. 1
427. 5'1/4
428. 1/3
429. 0
430. 5
431. 1/3
432. 3'11/12
433. 3
434. 4
435. 2/19
436. 4
437. 2/3
438. 8
439. 5'1/3
440. 1
441. 1
442. 6
443. 3
444. 4
445. 5
446. 1/6
447. 10
448. 7
449. 2
450. 3
451. 5'1/4
452. 1/3
453. 1/2
454. 1/4
455. 1
456. 7
457. 1
458. 0
459. 6'1/2
460. 5'1/2
461. 1/8
462. 4'1/2
463. 0
464. 2
465. 0
466. 5'11/12
467. 1/2
468. 22
469. 16'1/2
470. 6
471. 1/2
472. 1
473. 2
474. 32'2/3
475. 1/3
476. 5
477. 3/4
478. 3
479. 0
480. 0
481. 1/3
482. 1
483. 1/9
484. 1/2
485. 1
486. 1'5/12
487. 0
488. 18
489. 12
490. 3/16
491. 0
492. 3
493. 1'1/8
494. 3'2/3
495. 1/16
496. 7/8
497. 4
498. 2'1/2
499. 0
500. 0
