1. 7'3/4
2. 16
3. 2/3
4. 2
5. 7
6. 6'4/5
7. 0
8. 9/100
9. 3'1/3
10. 4
11. 18'10/19
12. 9/10
13. 3/5
14. 63'1/3
15. 20'1/4
16. 3'1/5
17. 8
18. 11
19. 13/30
20. 4'3/5
21. 9'7/8
22. 5
23. 3
24. 25
25. 16
26. 3/4
27. 37
28. 0
29. 2'1/3
30. 4/27
31. 0
32. 7/16
33. 1
34. 1'5/6
35. 2'1/2
36. 0
37. 15/28
38. 16
39. 4
40. 7'1/3
41. 6/7
42. 2
43. 1'2/3
44. 3
45. 5/32
46. 4
47. 0
48. 1'1/3
49. 5'3/5
50. 6'3/4
51. 21
52. 15
53. 14'2/3
54. 9'7/8
55. 8'1/6
56. 5'1/63
57. 1
58. 6'1/2
59. 2
60. 44
61. 12'1/4
62. 6'5/6
63. 5/6
64. 8'2/3
65. 7'23/24
66. 7/8
67. 2'1/4
68. 2/15
69. 5
70. 3
71. 5
72. 4/7
73. 10
74. 17'1/3
75. 0
76. 3/20
77. 4
78. 1
79. 1/4
80. 7'2/35
81. 7
82. 2/3
83. 6/7
84. 5/6
85. 5'1/4
86. 0
87. 12
88. 8'3/5
89. 9'1/9
90. 9
91. 30'2/9
92. 6
93. 10'4/5
94. 1'11/15
95. 9
96. 63'4/7
97. 10'1/2
98. 12'1/3
99. 54'2/3
100. 1'5/7
101. 40
102. 12'1/6
103. 1'1/2
104. 9'2/9
105. 7/9
106. 7'3/14
107. 0
108. 9'3/5
109. 1/7
110. 3
111. 20
112. 17
113. 12
114. 4
115. 0
116. 7'1/2
117. 7
118. 3
119. 12
120. 0
121. 2'4/7
122. 2'11/72
123. 8
124. 8/9
125. 14/207
126. 2
127. 0
128. 1'34/35
129. 0
130. 16'4/5
131. 1/4
132. 1/3
133. 1/81
134. 1'1/2
135. 6
136. 1
137. 7/18
138. 7
139. 1
140. 7'5/7
141. 3/32
142. 4'1/3
143. 3
144. 0
145. 9'1/3
146. 7
147. 14
148. 46'1/2
149. 1'1/2
150. 0
151. 10
152. 0
153. 4/5
154. 5
155. 9/40
156. 17
157. 6
158. 7
159. 4'1/2
160. 2'2/5
161. 3'1/5
162. 68'5/6
163. 5
164. 1/10
165. 15
166. 5
167. 4
168. 11
169. 4/15
170. 9'3/5
171. 4
172. 3'2/3
173. 10
174. 2'1/4
175. 3'3/7
176. 6'1/36
177. 3'1/8
178. 4
179. 1'5/7
180. 8/21
181. 203
182. 2/25
183. 28
184. 3
185. 4'7/9
186. 1
187. 1/6
188. 13
189. 37'2/7
190. 8
191. 8'3/5
192. 1'1/15
193. 5'3/4
194. 7/9
195. 9'1/4
196. 1/35
197. 7'2/3
198. 2/35
199. 3
200. 13'2/5
201. 1/336
202. 3/5
203. 6
204. 1'13/27
205. 12'11/15
206. 13'1/2
207. 4'4/5
208. 9
209. 3'5/54
210. 18
211. 25
212. 2
213. 1/24
214. 0
215. 18
216. 6'1/6
217. 11'1/3
218. 2/7
219. 9'1/6
220. 1/6
221. 17
222. 1/6
223. 1'1/2
224. 31'5/6
225. 14
226. 10
227. 16
228. 1'1/2
229. 1'7/8
230. 7
231. 25/63
232. 288
233. 1'5/9
234. 25
235. 6'2/3
236. 4/9
237. 7'7/8
238. 1'1/14
239. 4'2/7
240. 1'5/6
241. 4'1/6
242. 0
243. 12'2/21
244. 9
245. 3'6/7
246. 9
247. 2'2/7
248. 6'6/7
249. 14/15
250. 5/18
251. 50
252. 21/32
253. 2
254. 12'5/7
255. 4/7
256. 1'1/3
257. 8'2/3
258. 1'3/8
259. 0
260. 6
261. 9
262. 3'1/8
263. 4/35
264. 7
265. 65'2/3
266. 4/5
267. 1/30
268. 31'1/2
269. 2
270. 3
271. 48
272. 7'1/2
273. 4'1/2
274. 1
275. 19/42
276. 5'2/7
277. 1/2
278. 12
279. 1
280. 35
281. 1'29/280
282. 3/14
283. 2'11/40
284. 1/14
285. 3/7
286. 1'1/9
287. 1'2/5
288. 15
289. 4'2/3
290. 5/48
291. 11'3/5
292. 5/6
293. 8'4/5
294. 8
295. 44'7/8
296. 3'1/3
297. 7
298. 1/8
299. 1'136/245
300. 3'1/2
301. 0
302. 12
303. 5'26/27
304. 11
305. 25
306. 0
307. 45
308. 14
309. 5
310. 4
311. 4'1/4
312. 0
313. 20
314. 7/8
315. 12'4/9
316. 13'1/2
317. 14
318. 6
319. 8'3/4
320. 13
321. 3/5
322. 8
323. 14
324. 8
325. 3/20
326. 8
327. 4'1/24
328. 3'5/24
329. 2/3
330. 10
331. 2
332. 7'1/12
333. 7/12
334. 5/14
335. 5'1/3
336. 2'3/5
337. 7
338. 17
339. 105
340. 5/8
341. 0
342. 10
343. 8
344. 7/10
345. 6
346. 6
347. 14
348. 21'1/5
349. 0
350. 8'1/9
351. 12
352. 4/35
353. 3'17/36
354. 35
355. 0
356. 7'3/5
357. 29
358. 1'1/5
359. 35
360. 7'5/8
361. 252
362. 4
363. 6
364. 3'3/7
365. 2/9
366. 1/3
367. 36
368. 0
369. 8
370. 60
371. 18
372. 32
373. 3'3/5
374. 9
375. 9
376. 5'1/6
377. 24
378. 7
379. 9'8/9
380. 224
381. 7'7/8
382. 2
383. 4
384. 12
385. 0
386. 1/3
387. 10
388. 5/7
389. 0
390. 15
391. 3/8
392. 1/36
393. 6'3/4
394. 3'2/5
395. 63
396. 3'13/18
397. 1
398. 4
399. 8'7/10
400. 1/3
401. 0
402. 9'1/4
403. 1'1/20
404. 5
405. 2
406. 2
407. 0
408. 1
409. 3'1/7
410. 8'1/4
411. 0
412. 9
413. 23/84
414. 8
415. 1
416. 2
417. 0
418. 5/6
419. 1'19/56
420. 6'21/37
421. 4'2/3
422. 0
423. 11'3/4
424. 2'2/3
425. 13
426. 1/3
427. 3'1/3
428. 1'3/7
429. 4
430. 7'5/7
431. 5
432. 0
433. 16
434. 6'3/5
435. 1'1/5
436. 5/12
437. 5'1/2
438. 1/9
439. 13
440. 2
441. 9
442. 1'2/5
443. 40
444. 73
445. 43
446. 1'7/9
447. 3/8
448. 2'6/7
449. 17'1/3
450. 48
451. 1
452. 12'1/109
453. 7'5/9
454. 1/3
455. 4
456. 7'7/91
457. 8'1/4
458. 9'1/2
459. 5'6/7
460. 4'1/2
461. 16'1/2
462. 9'2/3
463. 6'4/7
464. 5
465. 11
466. 6
467. 12'3/5
468. 2/3
469. 7
470. 48
471. 0
472. 5'31/36
473. 4
474. 30
475. 0
476. 4'2/3
477. 4'55/56
478. 5'3/4
479. 5
480. 5'2/3
481. 12'5/6
482. 3/4
483. 3'35/36
484. 5'1/2
485. 12
486. 51'1/5
487. 10
488. 3/7
489. 12'2/9
490. 11/64
491. 8'8/15
492. 2'8/45
493. 13'1/9
494. 28
495. 16
496. 8'7/30
497. 20
498. 2'3/5
499. 61
500. 6
